((Ix 0) ((3 4) 5))
4
((Ix 1) ((3 4) 5))
5
((Ix 2) ((3 4) 5))
0
((Ix 4) ((3 4) 5))
0
((Ix (0 0)) ((3 4) 5))
4
((Ix {0}) ((3 4) 5))
4
((Ix #5) ((3 4) 5))
4
((Ix 0x3635c9adc5de9fffff) ((3 4) 5))
0
((Ix 0) 9)
0
((Ix 2) 9)
0
((Ix 0) 999999999999999999)
0
((Ix 2) 999999999999999999)
0
((Ix 0) #9)
0
((Ix 2) #9)
0
((Ix 0) 3(2)=>1)
0
((Ix 2) 3(2)=>1)
0
(((Br 0) ((3 4) 5)) 999)
4
(((Br 1) ((3 4) 5)) 999)
5
(((Br 2) ((3 4) 5)) 999)
999
(((Br 4) ((3 4) 5)) 999)
999
(((Br (0 0)) ((3 4) 5)) 999)
4
(((Br {0}) ((3 4) 5)) 999)
4
(((Br #5) ((3 4) 5)) 999)
4
(((Br 0x3635c9adc5de9fffff) ((3 4) 5)) 999)
999
(((Br 0) 9) 999)
999
(((Br 2) 9) 999)
999
(((Br 0) 999999999999999999) 999)
999
(((Br 2) 999999999999999999) 999)
999
(((Br 0) #9) 999)
999
(((Br 2) #9) 999)
999
(((Br 0) 3(2)=>1) 999)
999
(((Br 2) 3(2)=>1) 999)
999
